1 60 1.4 20 20 signal
2 60 1.4 20 30 signal
3 60 1.4 20 40 signal
4 60 1.4 20 50 signal
5 60 1.4 20 60 signal
6 60 1.4 30 20 signal
7 60 1.4 30 30 signal
8 60 1.4 30 40 signal
9 60 1.4 30 50 signal
10 60 1.4 30 60 signal
11 60 1.4 40 20 signal
12 60 1.4 40 30 signal
13 60 1.4 40 40 signal
14 60 1.4 40 50 signal
15 60 1.4 40 60 signal
16 60 1.4 50 20 signal
17 60 1.4 50 30 signal
18 60 1.4 50 40 signal
19 60 1.4 50 50 signal
20 60 1.4 50 60 signal
21 60 1.4 60 20 signal
22 60 1.4 60 30 signal
23 60 1.4 60 40 signal
24 60 1.4 60 50 signal
25 60 1.4 60 60 signal
26 70 1.4 20 20 signal
27 70 1.4 20 30 signal
28 70 1.4 20 40 signal
29 70 1.4 20 50 signal
30 70 1.4 20 60 signal
31 70 1.4 30 20 signal
32 70 1.4 30 30 signal
33 70 1.4 30 40 signal
34 70 1.4 30 50 signal
35 70 1.4 30 60 signal
36 70 1.4 40 20 signal
37 70 1.4 40 30 signal
38 70 1.4 40 40 signal
39 70 1.4 40 50 signal
40 70 1.4 40 60 signal
41 70 1.4 50 20 signal
42 70 1.4 50 30 signal
43 70 1.4 50 40 signal
44 70 1.4 50 50 signal
45 70 1.4 50 60 signal
46 70 1.4 60 20 signal
47 70 1.4 60 30 signal
48 70 1.4 60 40 signal
49 70 1.4 60 50 signal
50 70 1.4 60 60 signal
51 80 1.4 20 20 signal
52 80 1.4 20 30 signal
53 80 1.4 20 40 signal
54 80 1.4 20 50 signal
55 80 1.4 20 60 signal
56 80 1.4 30 20 signal
57 80 1.4 30 30 signal
58 80 1.4 30 40 signal
59 80 1.4 30 50 signal
60 80 1.4 30 60 signal
61 80 1.4 40 20 signal
62 80 1.4 40 30 signal
63 80 1.4 40 40 signal
64 80 1.4 40 50 signal
65 80 1.4 40 60 signal
66 80 1.4 50 20 signal
67 80 1.4 50 30 signal
68 80 1.4 50 40 signal
69 80 1.4 50 50 signal
70 80 1.4 50 60 signal
71 80 1.4 60 20 signal
72 80 1.4 60 30 signal
73 80 1.4 60 40 signal
74 80 1.4 60 50 signal
75 80 1.4 60 60 signal
76 90 1.4 20 20 signal
77 90 1.4 20 30 signal
78 90 1.4 20 40 signal
79 90 1.4 20 50 signal
80 90 1.4 20 60 signal
81 90 1.4 30 20 signal
82 90 1.4 30 30 signal
83 90 1.4 30 40 signal
84 90 1.4 30 50 signal
85 90 1.4 30 60 signal
86 90 1.4 40 20 signal
87 90 1.4 40 30 signal
88 90 1.4 40 40 signal
89 90 1.4 40 50 signal
90 90 1.4 40 60 signal
91 90 1.4 50 20 signal
92 90 1.4 50 30 signal
93 90 1.4 50 40 signal
94 90 1.4 50 50 signal
95 90 1.4 50 60 signal
96 90 1.4 60 20 signal
97 90 1.4 60 30 signal
98 90 1.4 60 40 signal
99 90 1.4 60 50 signal
100 90 1.4 60 60 signal
101 100 1.4 20 20 signal
102 100 1.4 20 30 signal
103 100 1.4 20 40 signal
104 100 1.4 20 50 signal
105 100 1.4 20 60 signal
106 100 1.4 30 20 signal
107 100 1.4 30 30 signal
108 100 1.4 30 40 signal
109 100 1.4 30 50 signal
110 100 1.4 30 60 signal
111 100 1.4 40 20 signal
112 100 1.4 40 30 signal
113 100 1.4 40 40 signal
114 100 1.4 40 50 signal
115 100 1.4 40 60 signal
116 100 1.4 50 20 signal
117 100 1.4 50 30 signal
118 100 1.4 50 40 signal
119 100 1.4 50 50 signal
120 100 1.4 50 60 signal
121 100 1.4 60 20 signal
122 100 1.4 60 30 signal
123 100 1.4 60 40 signal
124 100 1.4 60 50 signal
125 100 1.4 60 60 signal
126 110 1.4 20 20 signal
127 110 1.4 20 30 signal
128 110 1.4 20 40 signal
129 110 1.4 20 50 signal
130 110 1.4 20 60 signal
131 110 1.4 30 20 signal
132 110 1.4 30 30 signal
133 110 1.4 30 40 signal
134 110 1.4 30 50 signal
135 110 1.4 30 60 signal
136 110 1.4 40 20 signal
137 110 1.4 40 30 signal
138 110 1.4 40 40 signal
139 110 1.4 40 50 signal
140 110 1.4 40 60 signal
141 110 1.4 50 20 signal
142 110 1.4 50 30 signal
143 110 1.4 50 40 signal
144 110 1.4 50 50 signal
145 110 1.4 50 60 signal
146 110 1.4 60 20 signal
147 110 1.4 60 30 signal
148 110 1.4 60 40 signal
149 110 1.4 60 50 signal
150 110 1.4 60 60 signal
151 120 1.4 20 20 signal
152 120 1.4 20 30 signal
153 120 1.4 20 40 signal
154 120 1.4 20 50 signal
155 120 1.4 20 60 signal
156 120 1.4 30 20 signal
157 120 1.4 30 30 signal
158 120 1.4 30 40 signal
159 120 1.4 30 50 signal
160 120 1.4 30 60 signal
161 120 1.4 40 20 signal
162 120 1.4 40 30 signal
163 120 1.4 40 40 signal
164 120 1.4 40 50 signal
165 120 1.4 40 60 signal
166 120 1.4 50 20 signal
167 120 1.4 50 30 signal
168 120 1.4 50 40 signal
169 120 1.4 50 50 signal
170 120 1.4 50 60 signal
171 120 1.4 60 20 signal
172 120 1.4 60 30 signal
173 120 1.4 60 40 signal
174 120 1.4 60 50 signal
175 120 1.4 60 60 signal
